2 4 1
443
-4.62850798186369 -4.6325371427068 1
-4.61242902019038 -4.08700292184804 1
-4.5573784684049 -3.54468253265722 1
-4.52758178049378 -3.02142080254305 1
-4.51408692383291 -2.50984568808051 1
-4.50939598513044 -2.00278201752253 1
-4.50681092575159 -1.49762178584711 1
-4.4960412068085 -0.998913026820607 1
-4.50768386464282 -0.498523361737259 1
-4.50811756007023 0.00822306104498639 1
-4.5082988277277 0.515129484673987 1
-4.49217929029949 1.0137388758728 1
-4.50421489371334 1.50903841163119 1
-4.50554697819444 2.01165103816601 1
-4.50693479280838 2.5154716586929 1
-4.5237296704872 3.02245853611175 1
-4.56951734608389 3.54492295329315 1
-4.61755394555715 4.09621140805738 1
-4.62698604715426 4.63835713477558 1
-4.06934202107929 -4.6157414835448 1
-4.12000752807597 -4.13938992051673 1
-4.08109681258114 -3.63436676018085 1
-4.04793017937511 -3.12056983290761 1
-4.03147453559956 -2.60296386360168 1
-4.02691194321993 -2.08174645203255 1
-4.02318080320078 -1.5590597188502 1
-4.001189294805 -1.0430566497236 1
-4.0264815793894 -0.523200412877827 1
-4.02940765346541 0.00495032850087482 1
-4.02727670848969 0.533145121599168 1
-3.99244378745102 1.05015775418042 1
-4.01795568934665 1.56250452134902 1
-4.02171728868893 2.08358943118391 1
-4.02384649869892 2.60482252857444 1
-4.04566047948212 3.12270764023932 1
-4.09505083684355 3.63657257490325 1
-4.12557901424734 4.14358897654332 1
-4.06355555862596 4.61919565556371 1
-3.51230020772057 -4.561988702232 1
-3.59514895135928 -4.10046451679062 1
-3.57866684923093 -3.61600768558739 1
-3.55749154462441 -3.11685634295071 1
-3.54883186555434 -2.60729663285975 1
-3.54982342022592 -2.08947867085915 1
-3.54673768788863 -1.56734879185135 1
-3.51538671513278 -1.04964390664724 1
-3.55491256659201 -0.529391041145162 1
-3.56056865324682 0.000364254384420249 1
-3.55585044942935 0.530053199767912 1
-3.50180678571005 1.04698645348442 1
-3.53917641333857 1.56120488141806 1
-3.54479236725349 2.08243629466033 1
-3.54263546804534 2.60140050169166 1
-3.55613259458801 3.11258416973374 1
-3.59195723201347 3.61247720819888 1
-3.60192340044622 4.09665197798179 1
-3.50945963164525 4.55823527624737 1
-2.97738436533847 -4.53138498602786 1
-3.06450289321288 -4.06294272913718 1
-3.06469681721284 -3.58473318376427 1
-3.0579389268738 -3.09350781295584 1
-3.06085207114692 -2.59034990589736 1
-3.0700185311456 -2.07703965590091 1
-3.06883048693626 -1.55793221416059 1
-3.02873856286463 -1.04205181006663 1
-3.08250222099286 -0.525806896276496 1
-3.09078921307787 0.000302545789148568 1
-3.08323004695837 0.526274976557672 1
-3.0102906523081 1.039262786567 1
-3.0594278481242 1.55177272289148 1
-3.06586466384933 2.07060946526795 1
-3.05700606997551 2.58577821507309 1
-3.05819803267419 3.09110011296294 1
-3.07707219943792 3.58297731878964 1
-3.07145590326878 4.0602730419854 1
-2.97699769425024 4.52913464502183 1
-2.45894228465983 -4.51498156938306 1
-2.53711773791532 -4.03719215131158 1
-2.54799702122607 -3.55807348584929 1
-2.55439944533612 -3.06890448996006 1
-2.56947548740282 -2.56842113291651 1
-2.58746560617742 -2.05767762491229 1
-2.5881501789748 -1.54109329548627 1
-2.5385628712034 -1.02804654289005 1
-2.60573063370789 -0.518249446810656 1
-2.61629914510226 0.00081597901523815 1
-2.60616251396348 0.519681360445483 1
-2.51532290133155 1.02577657833785 1
-2.57723190392253 1.53610668588649 1
-2.58463801955242 2.05304997916498 1
-2.56840050440903 2.56614448497969 1
-2.55644597434767 3.06904454232779 1
-2.5591607234183 3.55868095785688 1
-2.54353371107018 4.03656665069052 1
-2.45973921642313 4.51415778717649 1
-1.95097845278945 -4.50591907604245 1
-2.01536010450302 -4.01987032670099 1
-2.03323304928987 -3.53652233768324 1
-2.05098966302185 -3.04546526242987 1
-2.07755107625551 -2.54429277385674 1
-2.10374043471311 -2.03355882391653 1
-2.10485738161282 -1.51786422221125 1
-2.043225120461 -1.00739936741363 1
-2.12148455579631 -0.507406472722669 1
-2.1334720362857 0.000138260349666553 1
-2.12156047587497 0.507338618367992 1
-2.01539624188251 1.00226073759111 1
-2.09292545113289 1.51175031570672 1
-2.1027812991385 2.02887771604638 1
-2.07969439790659 2.5426536192476 1
-2.05506408261775 3.04666892970974 1
-2.04315075414406 3.53833515582523 1
-2.02082832484496 4.02044714293461 1
-1.95207190960436 4.50585255065004 1
-1.45055301415626 -4.49925093621547 1
-1.50038290335257 -4.00500350307546 1
-1.52320574448825 -3.5154827341816 1
-1.55079282082856 -3.02013506433626 1
-1.58790231260903 -2.51579264706078 1
-1.62112168993458 -2.00240769771233 1
-1.61990373261977 -1.48464615001137 1
-1.54050649561899 -0.974330681494816 1
-1.62430766280325 -0.491600159043185 1
-1.63602839400041 -0.00375523092751242 1
-1.62402495583785 0.483349299597238 1
-1.50860059746336 0.958309674101547 1
-1.60792071511223 1.47145314101584 1
-1.62312801530653 1.99283543400122 1
-1.59432239643239 2.51080406276186 1
-1.55776299253161 3.01914434291672 1
-1.53254920875683 3.5159871937982 1
-1.50526611356167 4.00505972644144 1
-1.45179266535289 4.49911683483775 1
-0.958627784458446 -4.48748404442727 1
-0.994290800371811 -3.98182032960795 1
-1.02005595440043 -3.48490501458141 1
-1.05632322269565 -2.98419209095002 1
-1.1035275275382 -2.47510909267484 1
-1.14306099900317 -1.95610307991905 1
-1.13597253800538 -1.43011210531023 1
-1.02547017106497 -0.908279083128927 1
-1.10082529003625 -0.466036868451728 1
-1.11028506648955 -0.0132714935359405 1
-1.10036385949936 0.436013928158526 1
-0.990374495254923 0.868225742672324 1
-1.12505856373909 1.39886220689781 1
-1.15013680734524 1.93275411318248 1
-1.11661395579546 2.45981906688766 1
-1.06827839486503 2.97545086059507 1
-1.03071795261911 3.47935154891197 1
-1.00035171169708 3.97792017044335 1
-0.961083992257026 4.48557214192977 1
-0.456047776098244 -4.52261464290569 1
-0.468348337525333 -4.05723308784832 1
-0.490603671882271 -3.60105526589026 1
-0.526576369713498 -3.143789148454 1
-0.577391572555224 -2.68244061466708 1
-0.632216794081223 -2.21559055321145 1
-0.66529577858073 -1.74492990096543 1
-0.632989188112346 -1.28237599591636 1
-0.630458545637191 1.28688422928752 1
-0.674612132404358 1.75005719341431 1
-0.649335628285269 2.2221695179199 1
-0.594787950717019 2.69078153540002 1
-0.539723943716029 3.15280561872652 1
-0.49940921778134 3.60843400797995 1
-0.473251518990554 4.06180111381437 1
-0.458673084288657 4.52471246090971 1
0.0545558004586662 -4.49663857720012 1
0.0633476233652372 -4.00626605249075 1
0.0411173708801626 -3.52789730825294 1
0.000940869097736248 -3.05185791054032 1
-0.0536979239121816 -2.57685804089584 1
-0.10697083214355 -2.10218323724526 1
-0.125804032706772 -1.62585881395038 1
-0.0460453030021312 -1.14128433459342 1
-0.0437969954005058 1.1371952540164 1
-0.134002139541607 1.62468068601195 1
-0.12443696769996 2.10292060692145 1
-0.0728813600978574 2.57894779881518 1
-0.0132213321810096 3.05440216024114 1
0.0341729559052985 3.52935987953076 1
0.0600744925501539 4.00635725689394 1
0.0527345857741045 4.49638846036551 1
0.553395506143285 -4.49968123862337 1
0.583539582921962 -4.00823365469665 1
0.566031941622034 -3.52796078100628 1
0.528579100310149 -3.05111379233332 1
0.476833063291069 -2.57758548631065 1
0.424874217144169 -2.10717270713613 1
0.397653460354831 -1.63685274229339 1
0.4217892069061 -1.15708888745007 1
0.685171918399346 -0.729692706710431 1
0.693357991425847 0.724993557794974 1
0.423752301583248 1.14614728213742 1
0.387480578390353 1.62882018963375 1
0.40551363634063 2.10168848757766 1
0.455973858373488 2.57397975394338 1
0.513860229393092 3.0486610165427 1
0.560570567695203 3.52542302048932 1
0.580657137807488 4.00562674029416 1
0.550963676271219 4.49818820373861 1
1.05051078211757 -4.4968705249003 1
1.09886727866464 -3.99754584114965 1
1.08437188194252 -3.50838898781755 1
1.04929720749504 -3.02238015470786 1
1.001529033953 -2.5408362640446 1
0.95474944163515 -2.06463845627532 1
0.932457391343358 -1.59137552187692 1
0.969836259174826 -1.11404935194068 1
1.17718379030154 -0.577593401977728 1
1.19424205881068 0.585042859363992 1
0.969017480557236 1.11656867459422 1
0.921004378449955 1.59496373590903 1
0.935491627924215 2.06910834266656 1
0.980991310241324 2.54536114792103 1
1.03537340757925 3.02603211055743 1
1.08103547819778 3.50999138835315 1
1.0964448286641 3.99754415434017 1
1.04731024601243 4.49642266757399 1
1.53933207868601 -4.48416425350913 1
1.60133181460805 -3.96812204167765 1
1.58600700275104 -3.45949147679822 1
1.55102147657694 -2.9527233544196 1
1.50637070721554 -2.44974154652508 1
1.46657568311376 -1.95188943388171 1
1.45397348560215 -1.45698954478226 1
1.49233703102168 -0.956370142374134 1
1.59825695555623 -0.422588801746903 1
1.60948180729096 0.0118900953265633 1
1.62274827212268 0.449001179151862 1
1.49214408327672 0.982474889323591 1
1.44504323440722 1.48108423049406 1
1.45107356925619 1.97328976309677 1
1.4890620247643 2.46779650479244 1
1.54015060066285 2.96687299132794 1
1.58697918330172 3.46872607427857 1
1.60145046316955 3.97283141774847 1
1.53692485388333 4.48591665967414 1
2.02372013558305 -4.49165353929786 1
2.09746354654508 -3.98508417146184 1
2.08405933072656 -3.4822940118528 1
2.05188138629965 -2.979502201045 1
2.01184909931181 -2.47900313923901 1
1.97591292532488 -1.98251448714495 1
1.96159142741324 -1.48876857087742 1
1.98863188131456 -0.993064520695121 1
2.09483859878958 -0.493991488563392 1
2.13394094547587 -0.00314660973065827 1
2.1184737165087 0.490952121568761 1
1.99098029281962 0.994117855183473 1
1.95438322315102 1.49082749733143 1
1.96154331107638 1.98439552313198 1
1.99549934712028 2.48041570292032 1
2.04289876842608 2.98046267295915 1
2.08863998640911 3.48218375740497 1
2.10005263483289 3.98367340162499 1
2.02221595040843 4.49065576172184 1
2.51525460926981 -4.49808008773912 1
2.60070328798108 -4.00123507953186 1
2.58626188257122 -3.50327833765152 1
2.55473966194696 -3.00258379252103 1
2.51801297848332 -2.50278007957022 1
2.48586921764608 -2.00645895815022 1
2.47213751160634 -1.51313216085151 1
2.49437037759033 -1.01896427657914 1
2.5877539332488 -0.51713431163477 1
2.62508613342926 -0.00345609772943011 1
2.60627586967928 0.513175650803864 1
2.49463797617387 1.01794608731994 1
2.4643905510124 1.51318791300908 1
2.47181052210983 2.00651195904213 1
2.50204513696597 2.50256907086307 1
2.54662773287624 3.00238063437871 1
2.59293290098706 3.50274547216689 1
2.60369554485008 3.99977443922955 1
2.51300162706542 4.49714706470138 1
3.01589170361288 -4.51901375291311 1
3.10991471420528 -4.03495164465267 1
3.09083423231317 -3.53812801266687 1
3.0576053160181 -3.03507967060708 1
3.02299746243049 -2.5319764231983 1
2.9942911137246 -2.03235295805894 1
2.9812599360551 -1.53581869967458 1
2.99738475139372 -1.03768986164118 1
3.07156911213477 -0.527924520524053 1
3.10129539979604 -0.00142962348228021 1
3.08530201877662 0.527624509775802 1
2.9958968927221 1.03949174595131 1
2.97329635526697 1.53792088358148 1
2.98091585316757 2.03374583315367 1
3.00772923200109 2.53242459788455 1
3.05054282059521 3.03506800367451 1
3.09956598011639 3.53776968061073 1
3.11308089143146 4.03336368890766 1
3.01276389996923 4.5179500637624 1
3.53710884672852 -4.56748957745506 1
3.62349366256844 -4.09226407744896 1
3.59326331126355 -3.58943085010757 1
3.55592844787477 -3.07774912764997 1
3.52294253167968 -2.56687707766462 1
3.49775795149949 -2.06064973633014 1
3.48533661349833 -1.55807260698054 1
3.49428551403077 -1.05351339800783 1
3.54743249392002 -0.535465954981794 1
3.56857129527774 -0.000418975137747659 1
3.55722770822482 0.536825991124938 1
3.49216446053808 1.05639246553293 1
3.47807218770549 1.56040134267004 1
3.48579830471266 2.06138028827427 1
3.50898043345716 2.56573929674827 1
3.55034799769492 3.07526628768111 1
3.60407294901652 3.5861547557945 1
3.62662191923761 4.08804975254509 1
3.53266692923382 4.56363940188072 1
4.09056081821272 -4.61650294838857 1
4.13524558958614 -4.1264652364026 1
4.08480583674602 -3.60724303842567 1
4.04395805042027 -3.08428864410237 1
4.01506675997212 -2.56733052794424 1
3.99560630669558 -2.05790177982994 1
3.98556332993311 -1.55354912256077 1
3.98858404205895 -1.0481497341537 1
4.02081598969368 -0.529592196596649 1
4.03315174296109 0.00378384643586589 1
4.02674624921445 0.539074806861152 1
3.98633831587694 1.05903380957447 1
3.9800036317392 1.56326838164665 1
3.98631392148336 2.06519326080159 1
4.00354805390683 2.57168842827631 1
4.04038436322687 3.08590999872283 1
4.09747436815945 3.60727369048615 1
4.13758470480745 4.12788762556407 1
4.08300694202184 4.61740167959206 1
4.63624519923518 -4.62672358054399 1
4.61651502677134 -4.06616344903345 1
4.55382975755784 -3.51671190946942 1
4.52293403415425 -2.99046434132882 1
4.50603072354031 -2.4813232403917 1
4.49643743311979 -1.98329213779856 1
4.49163639478231 -1.4916585930997 1
4.49170203680238 -1.00122876456783 1
4.50459610348728 -0.502557418345781 1
4.50876184919967 0.00636163481995075 1
4.5071328933339 0.516704329526348 1
4.49036604300151 1.0163565847086 1
4.48886606749553 1.50515369836704 1
4.49121355436385 1.99355524296009 1
4.49786464840709 2.48663796792921 1
4.51959026800778 2.99006274005936 1
4.56569151052929 3.51590621649713 1
4.6189716875804 4.07379708022464 1
4.63207573419622 4.62997586528681 1
-5 -5 2
-4.9999999999917 -4.19555830943498 0
-4.99999999999927 -3.58154486189861 0
-4.99999999999254 -3.03326752824482 0
-4.99999999999412 -2.51317169668842 0
-4.99999999999508 -2.00508867299141 0
-4.99999999999044 -1.50192918122407 0
-4.99999999999295 -1.00072072777975 0
-4.99999999999152 -0.50026613255468 0
-4.99999999999527 -9.7340883024329e-05 0
-4.99999999999095 0.49996467635958 0
-4.99999999999615 0.999987266559945 0
-4.9999999999934 1.49999543588889 0
-4.999999999991 1.99999837208593 0
-4.99999999999332 2.49999942184741 0
-4.99999999999361 2.99999979544428 0
-4.99999999999419 3.54258147339244 0
-4.99999999999351 4.21002699084724 0
-5 5 2
-4.19555830943498 -4.9999999999917 0
-4.17438695882026 4.99999999999562 0
-3.58154486189861 -4.99999999999927 0
-3.5734053729827 4.99999999999439 0
-3.03326752824482 -4.99999999999254 0
-3.03001284097114 4.99999999999905 0
-2.51317169668842 -4.99999999999412 0
-2.51189174087153 4.9999999999934 0
-2.00508867299141 -4.99999999999508 0
-2.00459595449812 4.99999999999411 0
-1.50192918122407 -4.99999999999044 0
-1.50174285226273 4.99999999999512 0
-1.00072072777975 -4.99999999999295 0
-0.5 -0.5 0
-0.500000000027466 -0.304441690572515 0
-0.500000000020243 0.0387296076013903 0
-0.500000000055192 0.328539014120712 0
-0.500000000046116 0.440909445529146 0
-1.00065125099921 4.9999999999995 0
-0.50026613255468 -4.99999999999152 0
-0.5 -0.866025403784438 2
-0.5 0.866025403784439 2
-0.500240517698762 4.99999999999391 0
-9.7340883024329e-05 -4.99999999999527 0
-0.060327340439474 -0.612180275459581 0
-0.0543543057149395 0.608731742239221 0
-8.79839430650858e-05 4.99999999999038 0
0.49996467635958 -4.99999999999095 0
0.258675905818506 -0.428003665391901 0
0.424189446701211 -0.332444377981745 0
0.413915322276661 0.338376146487032 0
0.271566832302973 0.420561085468418 0
0.499968068225042 4.9999999999927 0
0.999987266559945 -4.99999999999615 0
0.760793178808526 -0.138106122648008 0
0.749854891902897 0.144421345513224 0
0.999988488143619 4.9999999999949 0
1.49999543588889 -4.9999999999934 0
0.829651732519881 -0.098350618149381 0
1 0 2
0.844876531174384 0.0895605765051549 0
1.49999587340407 4.9999999999972 0
1.99999837208593 -4.999999999991 0
1.9999985280312 4.99999999999149 0
2.49999942184741 -4.99999999999332 0
2.49999947719813 4.99999999999338 0
2.99999979544428 -4.99999999999361 0
2.99999981501751 4.99999999999362 0
3.54258147339244 -4.99999999999419 0
3.54258148036952 4.99999999999896 0
4.21002699084724 -4.99999999999351 0
4.19555828307964 4.99999999999119 0
5 -5 2
4.99999999999562 -4.17438695882026 0
4.99999999999439 -3.5734053729827 0
4.99999999999905 -3.03001284097114 0
4.9999999999934 -2.51189174087153 0
4.99999999999411 -2.00459595449812 0
4.99999999999512 -1.50174285226273 0
4.9999999999995 -1.00065125099921 0
4.99999999999391 -0.500240517698762 0
4.99999999999038 -8.79839430650858e-05 0
4.9999999999927 0.499968068225042 0
4.9999999999949 0.999988488143619 0
4.9999999999972 1.49999587340407 0
4.99999999999149 1.9999985280312 0
4.99999999999338 2.49999947719813 0
4.99999999999362 2.99999981501751 0
4.99999999999896 3.54258148036952 0
4.99999999999119 4.19555828307964 0
5 5 2
398 0
0 19 20 1 
1 20 21 2 
2 21 22 3 
3 22 23 4 
4 23 24 5 
5 24 25 6 
6 25 26 7 
7 26 27 8 
8 27 28 9 
9 28 29 10 
10 29 30 11 
11 30 31 12 
12 31 32 13 
13 32 33 14 
14 33 34 15 
15 34 35 16 
16 35 36 17 
17 36 37 18 
19 38 39 20 
20 39 40 21 
21 40 41 22 
22 41 42 23 
23 42 43 24 
24 43 44 25 
25 44 45 26 
26 45 46 27 
27 46 47 28 
28 47 48 29 
29 48 49 30 
30 49 50 31 
31 50 51 32 
32 51 52 33 
33 52 53 34 
34 53 54 35 
35 54 55 36 
36 55 56 37 
38 57 58 39 
39 58 59 40 
40 59 60 41 
41 60 61 42 
42 61 62 43 
43 62 63 44 
44 63 64 45 
45 64 65 46 
46 65 66 47 
47 66 67 48 
48 67 68 49 
49 68 69 50 
50 69 70 51 
51 70 71 52 
52 71 72 53 
53 72 73 54 
54 73 74 55 
55 74 75 56 
57 76 77 58 
58 77 78 59 
59 78 79 60 
60 79 80 61 
61 80 81 62 
62 81 82 63 
63 82 83 64 
64 83 84 65 
65 84 85 66 
66 85 86 67 
67 86 87 68 
68 87 88 69 
69 88 89 70 
70 89 90 71 
71 90 91 72 
72 91 92 73 
73 92 93 74 
74 93 94 75 
76 95 96 77 
77 96 97 78 
78 97 98 79 
79 98 99 80 
80 99 100 81 
81 100 101 82 
82 101 102 83 
83 102 103 84 
84 103 104 85 
85 104 105 86 
86 105 106 87 
87 106 107 88 
88 107 108 89 
89 108 109 90 
90 109 110 91 
91 110 111 92 
92 111 112 93 
93 112 113 94 
95 114 115 96 
96 115 116 97 
97 116 117 98 
98 117 118 99 
99 118 119 100 
100 119 120 101 
101 120 121 102 
102 121 122 103 
103 122 123 104 
104 123 124 105 
105 124 125 106 
106 125 126 107 
107 126 127 108 
108 127 128 109 
109 128 129 110 
110 129 130 111 
111 130 131 112 
112 131 132 113 
114 133 134 115 
115 134 135 116 
116 135 136 117 
117 136 137 118 
118 137 138 119 
119 138 139 120 
120 139 140 121 
121 140 141 122 
122 141 142 123 
123 142 143 124 
124 143 144 125 
125 144 145 126 
126 145 146 127 
127 146 147 128 
128 147 148 129 
129 148 149 130 
130 149 150 131 
131 150 151 132 
133 152 153 134 
134 153 154 135 
135 154 155 136 
136 155 156 137 
137 156 157 138 
138 157 158 139 
139 158 159 140 
144 160 161 145 
145 161 162 146 
146 162 163 147 
147 163 164 148 
148 164 165 149 
149 165 166 150 
150 166 167 151 
152 168 169 153 
153 169 170 154 
154 170 171 155 
155 171 172 156 
156 172 173 157 
157 173 174 158 
158 174 175 159 
160 176 177 161 
161 177 178 162 
162 178 179 163 
163 179 180 164 
164 180 181 165 
165 181 182 166 
166 182 183 167 
168 184 185 169 
169 185 186 170 
170 186 187 171 
171 187 188 172 
172 188 189 173 
173 189 190 174 
174 190 191 175 
176 194 195 177 
177 195 196 178 
178 196 197 179 
179 197 198 180 
180 198 199 181 
181 199 200 182 
182 200 201 183 
184 202 203 185 
185 203 204 186 
186 204 205 187 
187 205 206 188 
188 206 207 189 
189 207 208 190 
190 208 209 191 
191 209 210 192 
193 211 212 194 
194 212 213 195 
195 213 214 196 
196 214 215 197 
197 215 216 198 
198 216 217 199 
199 217 218 200 
200 218 219 201 
202 220 221 203 
203 221 222 204 
204 222 223 205 
205 223 224 206 
206 224 225 207 
207 225 226 208 
208 226 227 209 
209 227 228 210 
211 230 231 212 
212 231 232 213 
213 232 233 214 
214 233 234 215 
215 234 235 216 
216 235 236 217 
217 236 237 218 
218 237 238 219 
220 239 240 221 
221 240 241 222 
222 241 242 223 
223 242 243 224 
224 243 244 225 
225 244 245 226 
226 245 246 227 
227 246 247 228 
228 247 248 229 
229 248 249 230 
230 249 250 231 
231 250 251 232 
232 251 252 233 
233 252 253 234 
234 253 254 235 
235 254 255 236 
236 255 256 237 
237 256 257 238 
239 258 259 240 
240 259 260 241 
241 260 261 242 
242 261 262 243 
243 262 263 244 
244 263 264 245 
245 264 265 246 
246 265 266 247 
247 266 267 248 
248 267 268 249 
249 268 269 250 
250 269 270 251 
251 270 271 252 
252 271 272 253 
253 272 273 254 
254 273 274 255 
255 274 275 256 
256 275 276 257 
258 277 278 259 
259 278 279 260 
260 279 280 261 
261 280 281 262 
262 281 282 263 
263 282 283 264 
264 283 284 265 
265 284 285 266 
266 285 286 267 
267 286 287 268 
268 287 288 269 
269 288 289 270 
270 289 290 271 
271 290 291 272 
272 291 292 273 
273 292 293 274 
274 293 294 275 
275 294 295 276 
277 296 297 278 
278 297 298 279 
279 298 299 280 
280 299 300 281 
281 300 301 282 
282 301 302 283 
283 302 303 284 
284 303 304 285 
285 304 305 286 
286 305 306 287 
287 306 307 288 
288 307 308 289 
289 308 309 290 
290 309 310 291 
291 310 311 292 
292 311 312 293 
293 312 313 294 
294 313 314 295 
296 315 316 297 
297 316 317 298 
298 317 318 299 
299 318 319 300 
300 319 320 301 
301 320 321 302 
302 321 322 303 
303 322 323 304 
304 323 324 305 
305 324 325 306 
306 325 326 307 
307 326 327 308 
308 327 328 309 
309 328 329 310 
310 329 330 311 
311 330 331 312 
312 331 332 313 
313 332 333 314 
315 334 335 316 
316 335 336 317 
317 336 337 318 
318 337 338 319 
319 338 339 320 
320 339 340 321 
321 340 341 322 
322 341 342 323 
323 342 343 324 
324 343 344 325 
325 344 345 326 
326 345 346 327 
327 346 347 328 
328 347 348 329 
329 348 349 330 
330 349 350 331 
331 350 351 332 
332 351 352 333 
19 0 353 372 
0 1 354 353 
1 2 355 354 
2 3 356 355 
3 4 357 356 
4 5 358 357 
5 6 359 358 
6 7 360 359 
7 8 361 360 
8 9 362 361 
9 10 363 362 
10 11 364 363 
11 12 365 364 
12 13 366 365 
13 14 367 366 
14 15 368 367 
15 16 369 368 
16 17 370 369 
18 37 373 371 
17 18 371 370 
38 19 372 374 
37 56 375 373 
57 38 374 376 
56 75 377 375 
76 57 376 378 
75 94 379 377 
95 76 378 380 
94 113 381 379 
114 95 380 382 
113 132 383 381 
133 114 382 384 
141 140 385 386 
142 141 386 387 
143 142 387 388 
144 143 388 389 
132 151 390 383 
152 133 384 391 
140 159 392 385 
160 144 389 393 
151 167 394 390 
168 152 391 395 
159 175 396 392 
176 160 393 397 
167 183 398 394 
184 168 395 399 
175 191 400 396 
194 176 397 403 
183 201 404 398 
202 184 399 405 
192 210 406 401 
191 192 401 400 
211 193 402 407 
193 194 403 402 
201 219 408 404 
220 202 405 409 
210 228 410 406 
230 211 407 412 
219 238 413 408 
239 220 409 414 
228 229 411 410 
229 230 412 411 
238 257 415 413 
258 239 414 416 
257 276 417 415 
277 258 416 418 
276 295 419 417 
296 277 418 420 
295 314 421 419 
315 296 420 422 
314 333 423 421 
334 315 422 424 
335 334 424 425 
336 335 425 426 
337 336 426 427 
338 337 427 428 
339 338 428 429 
340 339 429 430 
341 340 430 431 
342 341 431 432 
343 342 432 433 
344 343 433 434 
345 344 434 435 
346 345 435 436 
347 346 436 437 
348 347 437 438 
349 348 438 439 
350 349 439 440 
351 350 440 441 
352 351 441 442 
333 352 442 423 
